126
144 2
86252 2159
841 3
97336 18412 53547
13 2
35977 27540
198 4
72862 85926 43277 67461
682 7
71748 2095 99911 62803 64141 36725 37421
231 7
2623 32684 49217 51340 32599 63041 23534
70 7
12609 64693 69450 59038 46955 51218 39147
281 8
28028 58260 34826 44849 61772 39307 98763 35282
936 11
30618 30600 35974 61472 43530 6219 73598 16142 89443 91792 31663
81 13
24063 86279 4736 9268 2707 61114 79916 37652 31106 79511 30539 18456 53156
44 8
48493 11301 6481 12732 19798 7177 67337 27027
328 12
43999 96227 33740 34807 19780 367 19527 53214 25160 49207 33938 81785
120 12
54379 8848 26106 90825 85140 32188 37305 44585 27416 84406 77479 25587
856 16
45789 44849 48369 20892 28413 18910 62884 57723 35138 93699 9664 11792 10159 24378 28726 76147
471 14
51538 14167 90830 32118 15816 73200 81107 99955 6961 18841 12704 35339 3483 73414
463 10
84698 69374 55917 77430 3496 72088 16211 9592 4723 51567
552 12
49661 95124 43328 19646 64790 25992 94290 47379 9877 37990 55545 26350
416 15
14666 43182 17330 92947 85126 78105 61303 1804 77021 75226 72703 94715 17636 79390 70897
386 14
17512 43600 65711 33385 23902 31085 41109 67088 89204 46755 36458 18421 6016 85219
948 17
11347 79672 47500 39097 49716 53225 6900 8941 89537 55675 25708 28157 96773 36420 39578 98258 91111
275 21
34654 56813 19197 87440 24185 78046 15809 65345 56099 38324 90778 37622 62421 80390 89075 5874 58119 13727 68837 28202 44687
435 22
31747 97688 79112 32522 46239 40494 3191 56133 84965 37475 35239 34335 81036 468 87514 95703 21866 58609 95274 48405 11718 34241
703 20
95323 18747 60396 129 87338 26371 14638 6977 62254 1560 44773 39512 86675 49064 47401 54963 9559 90768 81481 71501
406 19
54313 82163 15264 76263 11373 22702 97729 39409 43520 84733 7785 71181 33777 38572 80456 83364 95533 5175 32315
541 17
73074 30209 65129 62190 27260 80208 24930 93491 59810 34813 54475 93418 43135 96782 1339 53375 51843
629 25
40469 72254 86651 44767 58470 85930 94070 59031 4119 49760 44720 44432 78674 33843 61500 15381 49084 42790 7430 32770 76198 23563 40806 56522 6335
565 27
15498 68289 82707 54181 73215 44973 11480 96649 18298 49006 55720 23335 77673 21867 59448 47926 86886 46138 34974 7647 28502 2500 9327 17779 11011 99859 81791
972 158
22595 85735 8567 15515 37984 96799 7481 39819 55905 12511 31193 80218 34095 55718 53287 48347 26914 45404 61134 50422 4398 59402 57750 71240 90404 58786 39317 57538 37921 52623 24716 67696 31542 3216 74092 83984 83816 87484 40297 98456 79291 80611 29988 23242 81621 61385 11210 17829 65009 41 68632 8320 33468 29796 65712 6126 62625 71840 16599 48966 6672 69768 66318 24099 28288 35923 7694 16184 44542 68407 89709 88954 84838 47504 35689 20443 18074 96590 1728 92167 66507 93300 10567 22852 33117 85271 69317 16712 80044 28716 53342 26597 72765 89963 70329 54140 82071 13283 79328 44754 12627 64627 90683 78865 44713 16604 64613 27042 39744 53322 82091 22949 3625 27418 19414 68310 68678 45467 97646 2644 62510 95241 10623 34187 3823 32362 41901 38247 85405 15902 45341 49670 22683 88327 21587 14072 8701 28334 83141 47169 60545 62136 97745 39155 30022 34487 15238 62785 63161 66840 37540 50360 90127 87180 22497 16973 22279 29994
221 21
59295 2939 42072 8930 66391 96568 58210 68448 62039 55582 69314 44632 71305 95958 9653 30788 63931 47015 7527 4511 18439
157 154
40684 25759 67042 46653 94484 25712 42371 94996 74576 69961 32477 62260 45785 12538 7557 9658 18805 78248 40620 67485 80718 68076 82206 1162 83677 62612 19093 28489 36670 51191 73712 26354 58403 14590 94648 98495 89997 45162 3439 77591 81009 67434 9802 82382 81336 72273 42333 66315 82135 67110 28754 782 76949 22977 27056 63687 82986 66923 34158 56272 67142 94211 49013 36588 8008 32341 34651 30266 27552 57092 69591 31420 6030 51950 63991 34688 91893 79288 58799 31008 20133 96099 51633 74834 3465 62576 73406 58703 44691 56953 41679 50277 3851 33200 30110 74905 82878 39682 79929 36855 73376 88261 67749 30716 18179 66630 50465 58247 45455 25346 1076 16260 35676 39922 88617 44320 48606 307 62302 86252 5169 5206 90675 86051 51259 8341 59815 16826 44165 15891 62228 87442 28656 48422 93193 57161 91442 97156 79306 59824 74537 66083 83772 6619 36771 62650 94004 56005 11276 12951 23331 58612 40519 85977
522 152
80435 60741 85591 90432 9586 87004 92197 55236 65675 3533 74679 78648 37687 21207 70916 16531 89318 22193 70638 76550 98379 22491 46653 9725 47149 44286 96550 72722 57708 19212 39821 93041 66570 96145 6754 72753 75667 79373 15652 52814 82878 34333 35116 42498 54823 73282 69191 29842 52304 5243 76949 76878 912 40443 22946 25910 81611 59456 92850 97200 84998 88494 20373 79749 49112 55755 62358 59854 82498 79692 27115 69042 68031 48090 77376 30872 24333 68482 16886 98358 27295 48097 95687 86822 44754 65862 96006 27264 61712 33715 87587 82966 56673 61369 64584 18521 49480 66743 36901 55260 90088 6236 53367 54508 75601 28260 12566 33092 6721 3721 91667 25274 12758 72741 58752 2842 66146 4044 56136 25608 38881 68937 72384 35547 9107 73095 91965 74777 5092 99879 6960 81902 20710 6353 1466 41815 65770 71010 42882 15875 46627 7502 45625 33044 32681 63713 58424 32768 25632 14933 2951 5528
762 19
8710 34911 12704 65447 51709 9091 74542 71309 7198 55343 22616 82838 86598 5687 10739 48424 67087 44445 77147
717 149
77869 93345 62172 1598 34187 8909 88212 81854 75973 75744 56857 83045 88980 44403 47705 98920 37131 49719 13877 5947 93556 57730 85607 38605 82852 32770 10435 80105 57585 2139 98351 16522 48675 92897 46687 77469 47886 20468 35046 11640 33255 53340 88757 66252 77522 68065 99158 76765 35810 67059 30107 7400 39119 88827 13162 98926 29606 87644 20721 60201 74922 57985 75354 78123 88950 6429 9526 97912 44691 56399 14384 48891 62272 53434 46144 73699 41146 9600 36640 80415 42318 75294 1043 92680 7066 64453 20737 58672 52134 39612 83650 18090 23271 87884 81621 77673 19749 19991 35489 5671 39293 81891 35423 36076 27621 89582 14356 43482 82130 76351 40428 79394 18034 41628 81400 86599 19524 40340 50240 77774 6087 22852 48902 15634 58287 96612 93672 33758 36933 96690 43957 90711 93081 87967 15465 13866 64958 62410 98651 7142 30087 38191 40354 91639 87480 50107 39116 46725 21233
209 149
10652 37888 97513 15129 73171 71373 5322 1698 62766 17962 59007 77747 84087 18346 68930 91922 96099 61456 48426 3963 72707 68838 19318 41886 41204 13152 95420 53347 64629 18893 56272 13873 7027 16546 17693 98871 58808 83022 26823 27859 99970 52575 58903 97973 46455 97327 79335 25134 94736 1943 19781 55612 89210 53820 19713 97300 49706 63262 1052 62503 89496 8507 29928 45066 48876 17755 7622 39800 26356 26330 95098 32165 29495 12222 94494 42304 39898 44504 87266 43268 34778 56754 69613 8396 34273 73618 19230 6150 11974 40919 15511 90064 18488 59615 27750 66965 80897 56330 44475 61798 29207 73063 76115 97341 21050 34392 61048 93761 41582 36664 40166 88408 36022 44549 67016 50394 81899 73551 29668 18304 88019 92789 54047 4272 23447 82940 64894 13813 77739 16231 47061 54254 31014 28334 38688 28833 93282 73775 24023 29157 39632 57238 37406 6030 16005 75969 94367 35806 96279
602 146
4309 94488 25157 15944 96588 945 15305 31038 25833 81480 52073 94517 60420 87100 45541 92390 59815 90444 60014 45509 78998 24691 24992 61048 56350 4612 19638 85030 38826 54046 36757 2035 42675 63849 48491 40108 90471 76057 75199 65956 58785 72231 54055 41121 61979 84532 67172 81788 59076 19558 15267 43304 76878 96305 8515 82780 95975 230 48408 24933 13485 43581 60071 55304 52915 73049 10553 58153 31258 22680 81443 15144 73741 89074 97056 26656 33029 78361 56498 24603 36266 77167 95532 3963 29606 30544 21097 728 58624 85586 83115 55170 33046 52434 79057 87103 48902 72102 12296 60802 18287 78318 80149 35081 7877 40443 99464 73459 38057 16175 18022 76013 82806 86078 49166 9155 87043 67075 27222 28316 3823 27477 74753 38688 34447 64543 58488 6183 72778 43565 81079 37530 95640 52458 12431 89655 9680 48966 50271 7233 83074 47304 48783 58225 54582 55402
690 146
51843 40992 21974 62446 23924 51725 74979 46657 72709 38961 45614 88384 53010 10060 56958 74279 92019 5974 49108 47577 30642 6955 42595 11268 66624 79328 28314 67043 7862 73351 80854 78230 65889 1447 18060 93845 57591 4925 22523 18106 63084 35342 25740 63568 84114 4589 86012 53362 43311 1698 46766 64466 69471 12352 50954 53577 13784 77503 33200 4730 3887 50916 44124 29073 20860 27486 61440 60893 11637 59284 11341 36928 2826 64831 17235 38403 50884 74576 61961 18506 70043 86584 92777 65136 50396 23893 90622 22565 62586 42563 49533 5294 73328 45179 27437 5251 90302 41091 17417 93598 94762 47505 79207 32807 25284 90066 68623 78669 13907 98841 19049 16497 21587 55292 629 93364 57986 26795 57720 83921 41187 9104 9812 95680 8263 82520 5777 51259 98426 52291 44371 33658 49779 978 16456 12039 58768 62041 19830 93748 77812 2375 96851 70388 19659 9334
393 143
83378 85118 11085 64501 14892 90342 61355 17553 52821 96223 59113 66822 32278 58335 59695 1079 81336 7393 75226 14364 5212 73488 17549 63740 35377 78414 61064 53237 1183 29577 26823 63830 22262 70332 79932 17559 34284 37735 19634 41213 62589 32723 72921 8112 6353 42132 32640 51576 37345 13988 42148 15164 37236 53342 5792 50136 66048 33420 77018 80218 33092 46302 72283 25372 67172 33658 90495 51513 47692 21097 64236 7834 53014 39965 95575 65188 93512 24091 25007 84614 17991 28838 13608 71687 72710 35455 891 12458 24148 31102 44583 27042 45489 95832 54785 32295 39612 47709 83102 52267 66460 34723 97872 12655 52434 42189 12429 7886 19978 99163 93962 92875 66747 68399 49447 90259 69841 96094 97372 66699 12550 6052 29086 13875 41791 97135 94659 2875 47256 95927 65960 15666 79373 99043 78534 54677 81700 90911 73350 96283 95310 77642 30351
450 23
29185 26416 38383 25354 78089 17196 96331 5722 41428 99360 33142 34850 57628 41943 69742 33222 361 16126 34350 98694 62328 1731 54622
600 142
84614 83623 79147 62363 32861 2256 92346 26893 14547 89997 79932 9984 22122 64586 2104 54978 71312 67526 32031 63167 53055 44236 87634 34273 36599 230 48324 58728 4447 24693 39568 45997 67326 80284 52975 9615 63646 65351 91378 32446 71503 79227 36705 50313 36221 37302 84058 84349 97658 39644 63822 88261 77769 63623 46332 44400 43834 26440 16982 48051 83323 47392 10151 13950 1119 99570 52938 4634 16440 34660 52600 39075 99252 22590 67629 69727 72686 93422 67546 68519 68803 27165 82954 69124 73768 64337 4694 44320 81532 40438 79732 30304 3754 84487 95889 76360 70366 85118 33972 92288 358 13114 55404 46371 30537 63603 122 46268 26656 53619 12051 42056 45857 69864 31193 85346 69261 21943 5593 86629 52512 36959 83379 93167 90827 40652 79442 94539 94926 38999 5048 31649 52080 82892 22905 2342 7195 74154 18429 40354 65395 19158
708 139
77875 45350 29106 40489 82556 16994 29523 73350 79492 20512 2035 39558 8151 24760 87375 69421 64495 58963 37636 79713 54357 95952 78978 98358 7902 66508 62254 60380 59989 79786 61253 12232 45489 50965 23260 10509 62820 60669 85891 81358 23715 33957 25711 29333 22986 47645 54623 81674 25335 75706 10201 50045 38780 27594 98886 42162 73258 85899 53340 58350 75908 84903 97821 52532 3754 16915 59228 25712 72647 55715 38939 64532 12908 39274 31081 9531 30380 35162 17546 47954 2592 76660 45220 22483 63592 96698 70322 26930 70421 96628 79095 85970 18340 5371 30704 86783 81037 38855 11191 61523 5375 8672 98910 52471 38315 69126 52482 66881 62502 76046 27786 68745 48575 40745 95400 21989 10020 40367 80140 88413 4788 50689 98887 81250 98841 77835 53457 7265 47815 45433 53197 2644 56779 92901 67919 95931 64289 32299 81973
390 137
41465 47204 40764 25827 90766 90098 86832 45534 52593 85575 12051 32403 74934 39029 61768 92834 44630 32262 83593 9547 82932 62517 12175 32621 25578 85426 54223 32153 46650 21419 93363 75438 21823 70081 39888 90755 16558 54975 3651 23541 76057 11149 83698 55178 38322 68625 25157 81752 1052 146 66542 64267 230 26325 50663 46973 45215 61170 44258 610 8861 18319 92126 45993 67534 95199 27842 19534 69959 59911 69068 4698 89351 62957 89363 51687 5572 77220 38467 63272 42040 94352 17401 55117 59883 26273 72163 8210 1437 33283 85377 32991 54785 46928 85232 41714 10316 585 2200 78321 48360 81940 80986 55837 57276 36952 53337 34243 68558 39765 60750 12448 52971 62906 41718 74184 30667 62964 40275 85353 62539 10128 22986 42186 99852 73943 12422 5919 32904 23258 26236 65618 9931 32605 94725 41501 84928
100 135
97341 52184 53075 68396 71965 37501 29444 51770 40386 61035 27990 77258 46937 84973 52221 201 34795 48491 35591 14310 13532 93077 43217 69744 45856 87560 2452 34998 25493 87195 20392 6417 48084 67886 85073 72387 87598 10215 58455 75901 10212 29730 12328 42681 58678 41099 7200 94074 67375 20651 37378 63084 69873 8160 38346 62751 71964 10224 43948 41265 22308 55673 47817 70783 73771 70313 37954 92785 11665 33029 12117 56183 68065 4797 18330 56808 58126 24870 57637 73957 89081 74213 75756 79743 84115 1392 30836 31149 1156 52208 18924 29824 80790 48202 82138 46073 8795 28533 94718 78871 29023 13797 44293 67866 62744 5711 56673 56129 16237 45483 27598 83680 62625 58768 24023 85099 36163 82296 3602 77272 27994 12352 86173 16231 5381 25966 37516 11959 84510 921 77554 3917 66042 24494 47882
61 133
40368 45341 14316 14515 23447 26112 87380 44940 98991 73071 77454 13169 44504 94598 57721 87513 21171 68554 26325 67068 94780 6854 21100 52575 77297 2336 57754 40666 28853 55943 47988 19603 83465 19935 83071 59780 5408 79842 35376 92300 7144 4272 1745 64874 59453 50965 71086 81742 49915 52134 2415 96582 21684 92031 2802 76448 21225 69363 78057 4980 30794 96638 65296 69457 41942 6314 74272 92483 81885 74987 30171 98910 41112 40394 27859 36997 1234 31926 9547 32783 55891 36619 13060 1828 4677 84390 59666 35396 77358 73793 53996 11415 92980 45231 35583 77522 32799 9378 85671 96177 47110 83144 54020 73092 42613 98819 69165 66764 34703 21232 61378 39488 69282 37456 27904 97645 66733 95554 70128 71571 632 85018 38188 84550 58883 87493 20407 13616 58711 22930 62246 49993 53051
72 131
13485 81248 57303 94024 33994 47469 83680 73793 556 34974 26606 94664 87494 6816 33215 2142 54134 52412 79066 14803 62535 88210 28255 76210 40806 89465 75759 66965 99011 28937 46327 96468 39124 33815 26597 80137 70255 5878 4912 84021 89915 93664 10920 16144 15303 1844 5082 26558 70520 25948 94617 58984 36059 97858 3097 14596 81489 56860 63830 54269 52938 58929 29370 34879 1094 89424 12464 34153 61398 36000 65968 84903 90095 32397 99414 86469 69941 97973 63816 76215 13866 3675 71667 57688 8719 35513 41861 83665 8853 55797 93609 38760 43291 90232 19189 67960 61028 4233 39075 31713 59651 81025 69910 68594 45404 16547 43011 4909 24572 18138 89790 55725 31993 16548 72496 98798 46720 75858 77963 76015 76508 58178 27546 91645 61760 76071 64974 84804 33090 6208 99384
594 131
85195 1392 94035 59057 52937 18714 11607 67110 55689 52830 86653 55393 10685 63849 19986 36408 25284 45619 57985 21556 6707 76851 89457 64757 852 94024 20599 63 10925 95449 16604 3971 49036 81433 91619 875 79084 80897 95112 93197 49832 2213 51039 90057 66350 51069 9249 87861 45072 83328 83580 73341 56524 8079 4136 81093 72738 63168 67034 38393 27875 24749 61048 96270 36085 59916 82906 24180 46838 92019 2783 41517 58612 75291 117 25356 64881 88434 31814 24927 21347 68844 98774 1873 67809 18134 65689 17451 58761 3674 20529 5216 42406 77504 19395 64897 41 90378 59441 55281 918 51513 32952 13204 61712 61885 93786 21799 50026 61686 43581 90927 92359 93361 5118 6228 17038 50206 1660 46160 4156 93124 7753 31490 95617 68281 80044 27750 88583 44015 67787
808 130
758 85002 2186 61536 99935 13108 32807 60524 15892 56953 16052 91839 71799 67028 82928 32621 43650 38086 88473 24166 88132 35161 87284 63623 60610 10106 16603 93361 64495 3080 63911 28997 34173 5819 30304 93026 21330 93552 29023 87700 80406 84510 33958 3571 83898 99621 66413 73258 30986 5133 29257 10057 58617 82337 51191 63535 3651 45687 80704 50519 13877 81902 28255 93726 17401 72760 34083 89293 55453 65611 23320 82642 68937 7094 8674 31452 82259 85140 43634 81282 22395 98528 81591 61884 28729 41024 6362 63603 96641 69914 51413 36793 46665 50653 31930 1065 89188 74679 64919 84535 40482 16099 70031 47209 57708 98886 32195 7780 98979 34630 29842 66722 34284 18675 11237 83149 81131 32960 65767 43559 86475 67458 60359 19878 65177 99471 99009 63554 19198 21084
902 127
72090 50045 94680 5878 82396 2610 51665 93501 14920 83580 44504 89293 79215 13072 84005 79144 8341 61322 8706 96145 95331 36805 76129 10012 45244 42148 56001 96273 49044 96609 39558 8421 47990 69525 72991 60201 41432 39825 39439 33383 51037 5073 80056 80559 44542 96091 77219 54098 68599 74394 37801 53462 89219 74905 93672 35059 22011 3532 92995 77245 70598 85978 92357 67638 67132 18252 63074 14392 56294 58401 78159 55934 7095 97476 22153 2191 1052 6404 31229 2153 44032 62502 65163 96951 68252 40519 88869 64228 1405 68824 28741 13909 15652 75381 52080 72356 32375 48856 32991 75275 39052 82930 38338 53325 1224 34218 53232 37636 13019 72642 8327 76711 39222 63647 75420 77193 48278 5861 35602 32016 28396 13064 15930 10304 70450 8090 57841
607 125
98079 66796 95235 23774 95199 93548 2610 38980 13582 98318 30718 63171 76013 38149 13436 78549 40506 75639 2025 38585 87485 23183 89000 48613 46897 41461 2728 49880 64018 71679 73460 53970 30947 42312 92928 25160 15475 38597 69403 79190 38348 21642 29820 67110 78077 66647 51400 40741 40489 70701 16061 44330 44667 5470 77292 46324 88549 22476 20589 78425 50017 50200 69948 53582 70762 34592 86568 1416 44668 4316 5895 36661 76883 79751 38253 7070 70484 97050 52201 59569 76477 76919 151 34929 44814 94804 63808 70043 57267 39138 80406 92049 96540 30424 88329 10623 44854 41541 45240 66843 58703 22924 64770 78361 63330 50402 52267 8075 16599 69085 71088 13302 17915 82921 28157 47863 89415 24148 67034 68569 41600 14326 71567 25578 64467
813 123
65767 16819 53418 11736 1780 85750 99126 78945 89457 89465 89517 96091 37889 87940 39104 82768 74195 86237 68498 47061 85620 16548 86440 98621 7160 65610 64142 64260 72678 14068 88000 66370 66735 20650 32890 21820 8151 17760 82259 14122 54381 8105 66908 89238 94113 94670 7381 55464 27875 63303 15605 13758 95301 40967 39312 80206 29845 97896 18419 13224 60532 68709 67809 77378 1344 99855 35879 35822 47365 50072 47443 5644 85251 96095 24213 91255 32511 59093 25627 303 62820 85998 38751 60433 42057 58204 62785 99149 70621 34821 86544 61046 47175 83240 21050 81203 98886 96682 77747 55296 10665 42824 28251 13561 22270 19719 22682 39453 26539 90075 44713 72865 22299 19072 36266 22998 3797 77123 77406 77869 81349 31872 27293
37 121
38669 68310 92640 10106 2816 34619 73282 88882 53569 66796 32051 92515 35853 3851 64562 51078 34519 33413 67226 36848 9998 65137 6936 34353 84371 66923 84980 12695 59374 56481 12349 69941 3276 95369 91438 10224 644 861 57229 174 62592 29979 46126 21590 70808 5388 60456 19979 1588 3821 94909 69447 35638 99549 61758 27380 75673 43477 39116 20533 9314 56758 21365 47870 18229 41405 54171 29435 57092 28136 5025 98631 95866 75119 41309 38753 88251 34778 13538 55562 29727 61046 77724 33409 74892 30399 8398 92253 22809 68318 84622 51540 86000 75546 3814 12854 89039 94111 17928 25015 79800 62427 230 26562 79123 83667 34660 13909 70598 98460 50572 98706 8469 52299 49693 35907 37662 9725 4276 77292 66315
87 119
94838 58682 25774 64402 11340 82610 30872 84649 21477 76711 96467 40243 12061 36977 4578 21159 80590 86502 3145 66950 14596 24180 67878 1312 95723 6087 45835 59003 73487 13798 83108 58291 47795 39806 20904 25889 66647 65754 71701 77590 19763 69951 55432 6236 26415 49028 17150 94367 93122 91960 97394 92000 49705 81314 59467 53483 88384 99353 89728 5178 17 95255 44854 88859 88936 67819 15998 95376 11989 34116 34451 30367 64812 41960 39284 57007 27640 62055 81715 10786 78429 56094 4136 24927 55624 20794 4326 82986 26030 12186 30395 16229 44106 87343 42858 60752 27686 14586 47673 90513 83144 36283 89118 88524 26217 2908 17118 75963 65209 23447 51521 9154 47466 77599 27391 73917 48861 28374 13731
495 119
42040 39536 31281 94598 32165 158 63189 22931 27125 87532 55673 16005 40409 98747 57939 61159 43180 16748 64018 51218 90927 92992 72076 21607 30890 90614 29675 94907 35081 863 96708 47511 53578 46973 61974 25907 36386 77951 65338 58785 38976 32999 37661 78316 66722 91617 43024 47255 23635 95349 47466 8712 15967 53714 51441 37828 19731 55728 22425 9020 61747 40542 53312 99713 16920 14184 19674 18777 7923 1501 1847 93145 80425 53039 70822 37131 3165 97248 55328 44947 56717 86080 62347 38338 85320 41100 80727 57759 27499 62847 1421 60925 14554 62464 24626 60927 63136 23990 38529 17310 17662 57676 13509 29958 22486 70916 42606 37107 45835 68430 79525 25919 72738 90911 36036 52930 19250 7232 67413
59 116
93178 13875 33487 57153 89350 18065 55829 81826 31420 83032 60509 83763 26246 25411 18261 37762 10567 63661 60854 40082 61899 95073 48295 98387 59423 42448 45487 44772 79743 26714 56537 48425 65803 87977 54134 56291 40438 30984 63365 85377 67263 27977 47712 82971 41563 56033 5974 20707 15329 26908 18064 45129 49925 46038 66153 35089 30447 35147 75035 67959 53029 44484 58488 94459 56730 42118 85264 27964 92364 2841 72300 12365 71164 23205 6395 52073 91617 55952 10724 5509 85809 90338 7095 46054 414 89655 87513 15129 83455 42049 37251 87043 5903 72591 22994 69841 36431 38247 19605 68092 4487 15246 64540 67186 79821 77812 55464 83652 48615 34460 15651 43120 70455 24423 77491 60924
178 116
1065 76286 53325 14597 96017 35785 56621 12856 87415 99793 46643 62347 94787 75937 18830 81433 10665 49641 4520 55482 61233 26597 66785 82642 8520 89596 52047 81003 43269 82986 46683 63479 71571 12302 14606 90349 90736 77986 44146 28366 86475 13180 33580 54995 2592 89313 50408 24567 16296 20135 40976 8327 97539 88502 25658 54319 80794 24022 94504 73076 71927 55144 78532 43243 59344 36500 6945 11177 98130 80435 45712 74433 7573 87266 47781 56759 70059 93325 91828 47795 63663 88427 42768 8006 33489 63620 83084 15490 52285 13616 49522 73186 23183 78872 1154 9171 10369 12527 92954 31994 26384 13344 90302 56813 31051 67638 27261 43166 4375 69503 7602 91504 38544 46010 1119 24463
478 115
94676 46054 10955 38961 94366 76810 16920 68171 51301 32885 45889 84616 5243 30544 79288 69910 1026 8941 75583 22825 16617 88409 31120 48836 39412 18410 64306 12317 31400 55686 72679 84123 64079 37200 36863 18318 21975 75262 75973 21451 26415 29208 59476 43117 23331 79277 88855 4435 78591 39746 12070 37295 23027 61035 33820 83367 77785 86012 31148 96611 95575 20501 59374 95803 38121 17754 75484 40679 98550 58600 24487 3916 37603 40082 18405 40748 59185 90785 53281 77668 57905 57309 10808 10530 58904 83144 29295 72978 91178 76581 89826 53466 92257 80066 18481 93300 24332 5919 13481 1660 2104 70759 64933 10458 98191 2816 3429 70742 88869 77043 9152 41203 20503 32516 88645
466 112
76507 94004 55399 5189 3166 18602 82505 98765 56025 19802 18062 92438 72951 15896 85607 82497 58445 98633 38958 82906 23886 34435 87635 95594 64088 21335 26251 98806 50740 76375 67769 91464 95850 28898 72356 72760 13373 24423 18899 63647 62715 44139 90302 60020 90675 13302 37261 52299 14275 59602 20523 54830 31120 1949 12592 14926 69503 19158 43834 69068 75787 39412 4375 26411 18688 44430 93633 46067 72710 89214 8941 41219 26349 17188 36046 36954 10384 73760 91258 33938 51645 81557 50519 28044 58202 96430 39618 40274 79622 16943 46764 69970 6012 17287 16351 52267 62680 65380 97635 66785 23966 158 93894 1556 47564 35376 95028 57532 83405 53423 73834 9812
4 112
83196 83654 84425 73057 91807 48615 64843 15456 492 61799 53720 76848 3429 16318 40505 73612 11896 29915 88950 6519 88494 53493 42030 49355 35131 3993 62814 83555 74679 12604 32020 48234 4796 3599 41135 17275 58381 83748 28697 54836 92954 16522 28494 51306 42742 72009 34007 51008 47113 76242 39412 16458 91924 95956 59646 16477 83898 8837 47161 59386 39255 2145 13302 63226 38167 50626 29390 60484 56485 26783 56745 64825 43178 65414 84757 518 24594 26577 60786 30400 76851 86680 81223 5189 35861 75616 23471 21578 72384 47456 1780 73712 35316 14177 52080 93644 39458 33324 2912 59965 70201 75014 33914 78648 93217 52579 5182 37849 49297 18695 23910 38881
597 111
80523 60269 25473 51642 53047 5118 21044 92208 41465 16617 11340 34703 34273 26597 47255 2213 58194 70970 54803 2411 48390 13955 55755 35587 64525 3823 80902 90363 13557 93072 25527 50048 47975 94929 33413 76690 52960 12302 90029 72799 82006 19615 63605 40509 67061 24924 54583 4994 85538 46652 88907 99354 3734 2255 62841 66636 75722 1065 23572 92617 22320 77249 21618 21053 73361 55824 26036 19865 47513 90533 39072 47662 44371 67696 63174 92123 44396 65060 22273 92564 46455 16677 69493 2337 27640 77303 89822 8396 26017 33044 18267 83405 7265 93523 37297 73712 83796 23829 6020 68266 57731 58269 65879 88443 70808 77272 99220 4686 21949 17950 76711
387 110
47443 75907 59411 10292 55465 28880 6040 38660 18100 37617 48380 6564 51084 65974 81751 84880 32709 30107 69711 78273 43565 5169 98541 76684 36569 63630 79488 13510 16144 80359 31636 90024 75079 14811 24645 52413 8123 99570 66393 7807 26063 10983 91205 69628 65726 56944 25608 25274 49925 42748 73459 74261 61129 6525 66292 35506 45350 9132 80872 70432 41718 38713 29257 58543 2139 82938 82259 85998 5662 73798 31821 62592 76690 71571 21377 61881 2680 4455 72182 81443 34397 77584 93573 48249 29263 23258 81917 56908 35834 57770 13731 69875 29979 51564 9687 62764 39375 13653 69165 95420 33874 72813 23736 77411 42028 30171 6651 5311 81263 73719
476 109
89692 22034 66489 69301 88443 64274 13877 41337 62261 29668 42162 53098 24463 40697 57985 34996 40029 28255 18456 11708 33866 31874 13004 56188 39906 78000 51093 99424 11443 15228 37623 26760 93664 99977 29766 97327 56063 77358 51424 9216 68678 76547 9215 58125 66647 46814 9631 64180 79800 55448 88861 5004 62489 37764 16304 8075 76188 30716 33029 5870 73428 85073 5662 95420 45846 45781 64073 90095 44575 23805 4646 78958 28333 49797 11758 90803 66057 71845 93119 94713 8067 39743 33406 71404 18008 68462 12526 47541 67546 71895 6828 17889 19880 93621 24080 13945 86299 73606 30375 71440 28506 32605 89351 58282 30956 99793 78976 8247 40333
715 106
7100 15256 12789 25960 29086 89515 2274 28611 94461 8720 38046 11149 4029 20472 97462 92499 82765 43016 38857 27391 87480 56234 42452 52364 11267 38778 16191 72575 91309 51278 1790 28136 3599 89606 20505 14541 1106 88491 62575 9274 77066 69539 40472 90728 86240 39601 90066 61132 69493 12935 5188 57954 82274 89707 79190 34923 22503 27877 54276 3445 82190 4468 61650 47646 37144 27650 18090 13085 67794 9807 49779 74142 54286 87144 42563 46274 72573 28003 55146 75657 71059 38313 18064 75381 13470 6228 96628 52325 98755 1427 32003 2360 84838 9142 73345 33291 20272 31913 5461 82768 93565 28708 95087 63090 83455 83748
506 104
62712 94459 55986 4721 83263 32300 50262 76550 76442 54436 97649 85440 96441 66245 5842 10283 87619 4831 12280 9705 81271 12497 4188 41187 39614 84495 98287 15427 89290 12420 34144 46657 87560 16927 23886 82442 93336 64918 44322 61338 84649 31797 83677 17371 15334 85346 81069 99245 19791 84092 54147 29796 3254 95668 42148 87990 93069 70886 60057 34204 99606 94173 81639 15586 66352 96492 7081 63732 77155 2206 82806 9154 45213 21610 86237 28301 16203 57407 87634 58077 48347 43494 52291 85556 52873 12400 27686 14896 45371 85716 57754 58357 61398 99202 48157 8035 90458 64155 56889 37540 48578 73016 12959 230
244 102
57221 43022 11691 14398 1224 21951 12464 68195 7784 45913 83115 49797 4364 14547 95538 92767 39137 40431 12361 60015 69380 99861 10650 4280 51632 92404 92594 58509 58621 21463 34073 73063 18422 89720 38081 12775 3674 50465 60343 60532 54791 9287 77437 56209 68678 27115 91619 41741 87752 33487 44121 51756 65660 62584 35281 63494 38418 93534 6086 32790 64228 19198 9726 36952 54365 50656 91137 25475 65715 85855 13980 50471 94648 28729 1094 83347 79800 16061 94711 47049 37811 51656 88106 37819 20090 60433 91203 41652 81163 83378 29850 68442 89517 5381 27608 97645 76634 89854 35547 37938 93831 65116
952 100
68635 15689 36654 37463 42070 43773 88384 97475 11954 33683 84503 80883 37473 99732 21596 65422 66104 12071 27085 92734 98910 51604 52299 35140 39509 365 8719 63794 96819 26335 4029 11210 71114 24605 94725 73939 88121 15413 58420 49551 57066 75577 36715 14409 72589 66175 41608 88053 86645 7395 19395 50276 73494 81729 90919 49813 40967 2873 92928 61378 77822 36812 79057 45846 36800 37670 39968 63411 57313 82930 36757 87689 61588 40690 85307 64853 70040 59916 52599 87646 28693 22528 70497 32648 65610 85082 75014 8269 51895 61799 13159 90956 39433 57625 63622 49277 72951 79735 4562 73071
854 100
3248 13250 55448 68721 26169 12497 85720 66069 88197 54140 79263 50402 27685 1801 66347 66897 27737 99219 57731 2935 84156 64200 31582 36508 84507 48135 70308 93394 54240 32251 20985 78500 19667 65138 84947 53634 9910 64053 21371 33491 68353 788 38404 65119 63259 99549 31005 82964 68407 78787 8892 30375 5258 33004 8519 57309 95659 43706 34701 85328 43311 16842 66245 9745 77999 65348 92952 71391 41679 98997 87941 64155 67043 76379 9658 32299 20388 90159 8820 9273 3298 44550 8493 10014 4770 52418 7296 19072 77004 26791 89306 90933 81226 9373 1630 22095 57487 53457 60545 53817
27 97
76889 76141 75866 5792 4123 77018 29584 77378 71634 11601 5671 7200 68171 72195 95659 87160 78421 44513 4807 49274 99424 78566 64631 29165 55952 23471 97644 68636 98370 50900 76651 75768 29327 8941 46147 90302 30533 83175 10015 51093 20793 74883 26154 86648 85244 51606 24287 50547 64030 1847 70285 87767 87631 37391 16095 78461 33684 78136 8686 87121 1392 81238 55624 94372 14700 3887 55242 73187 10159 79344 6792 34007 20735 42075 87275 43089 15097 25219 13748 48079 49693 71938 57116 81847 51633 67526 7975 78055 56532 73487 30119 49806 27668 77482 97843 58095 41559
23 97
98688 8467 22236 13915 57624 1312 20552 66318 95640 10725 83149 95864 78006 70279 11100 85673 32775 53714 24395 75718 19071 33841 44667 2035 19934 73140 77013 4909 55491 58216 40033 26933 96101 47466 40645 77493 53839 81031 87622 99202 20523 55472 61233 32578 65142 6152 75466 58319 68876 27085 61404 37385 80202 26914 24449 73905 47975 11267 19667 68289 81073 73186 76765 52208 92893 81899 8748 71705 43460 50639 15164 7293 45916 7694 57431 110 57801 70965 62136 85780 18960 69117 7553 45459 79929 62503 6128 24691 57521 12236 95437 47988 36450 58709 69227 20177 60763
969 94
40301 18897 13769 21201 64597 60634 79375 61662 18934 7807 97552 70938 78549 40202 9194 87520 35609 15724 37940 5720 10014 16048 28992 58220 70657 88974 78001 96091 46596 89081 64058 2688 80201 20707 30859 90678 7867 82057 70229 70674 72526 19334 92340 50399 7679 68529 71608 3976 97127 15134 38770 28968 33435 65009 59141 1572 98053 54803 15508 71088 42709 13796 1937 46623 55786 84162 73957 8612 22384 90977 11915 83528 850 41995 20433 1513 54009 28412 14896 58295 91605 42105 75014 49246 93369 47805 22842 77358 60069 96614 82847 29829 52306 49577
970 92
21105 41016 34814 5986 52521 5974 32958 90199 19157 37789 31345 70642 39566 81826 23129 7583 22667 28924 7892 60777 34657 77638 35884 38760 72921 24542 94680 17207 58615 49284 11263 31348 90050 85880 1290 56405 84982 16826 23181 48234 70691 93711 18278 56958 11276 62599 77406 84964 85998 64073 93352 20501 25527 66246 3392 50040 23159 78871 7731 71045 23248 44381 59023 38348 11051 85912 34305 59557 76063 83095 63359 44146 80611 12117 80790 59335 4547 99041 129 58711 76005 19351 18361 67237 13302 83328 1949 86581 93421 52822 79692 37757
933 90
32783 73768 85472 98843 43116 83141 47662 71014 90616 33173 40362 1085 10991 67957 15645 88984 91365 3602 86239 80986 34460 27173 66542 50042 85522 44583 47680 57873 6546 20415 70783 91562 39726 77018 62993 42304 50695 12739 56334 63382 34520 82133 62811 13907 44693 71257 25346 40828 89811 80620 88269 87598 85265 15319 69070 89652 7449 76978 51622 19102 83623 65084 33866 35395 19802 2455 51278 82442 51235 49036 30760 45483 54909 53583 16040 19749 97424 39568 79953 82283 52347 3448 53328 51656 22408 10379 89320 86009 43268 61404
669 90
44106 30159 17238 42905 89374 1092 13581 11846 89305 39656 25907 23290 95904 80727 46665 54995 67439 63308 88800 14709 11560 60488 45960 79495 88694 92795 95591 87160 84208 78001 74015 4316 21013 87321 69613 72526 39644 35151 7195 68516 97452 98697 69416 82144 10073 72767 8067 5912 31891 22682 49848 44629 29092 43633 41941 96536 65689 52817 72512 27625 52291 42312 66906 15739 72231 45889 1780 21798 87977 18977 86202 56498 32152 46521 40645 23116 96551 46437 83787 55447 58374 5129 35865 27702 99021 5220 47061 85247 30022 26041
343 89
33900 80572 49435 68924 70488 46172 37484 41393 83173 90683 34696 87346 79611 74828 850 36380 48346 12321 89443 52302 15031 36599 54909 89872 397 13466 32449 50791 68092 35178 57290 89548 86488 41414 35138 9077 24639 77503 77993 24248 96333 43252 68187 88473 71811 74094 77376 63601 28610 61620 19832 38976 3554 64406 79042 88253 11959 34368 77402 4788 73494 54745 69075 7293 93721 41556 39077 21556 83952 65896 86836 26893 23893 28241 31542 19134 65443 33215 17950 32247 9725 4525 63937 61634 45605 32345 79375 57345 29850
779 86
93217 52799 91472 78159 74906 85346 87368 9340 87700 90747 60140 96455 52856 9098 14749 98445 24632 13626 93298 42119 79168 99414 12538 78784 9179 31270 27817 34218 66769 20860 71965 21684 74930 43279 61243 85539 3351 97365 84988 16111 26066 35502 66245 55860 40791 96277 94802 20957 56023 49521 31320 88281 58600 83944 39201 82577 56858 94886 98961 60927 4096 90783 62198 61046 63434 57299 19044 39081 30395 20985 22355 19667 47611 57066 85265 25229 57081 42068 63909 61057 26091 19293 29263 48964 53752 71117
665 84
59456 28387 15296 38638 71922 67886 13707 5034 87980 37463 80658 62136 65163 19201 88475 23043 40966 52915 91630 73063 6305 70300 82520 63661 40040 89373 36997 59367 37131 41414 25392 92551 26939 29750 48578 11346 27654 54458 71039 43045 80711 83735 62811 3131 91369 29779 44061 51067 29850 78711 33719 48998 40601 20568 46312 89127 89039 34778 82780 45427 1302 64770 12775 60152 67018 35003 86474 37028 77212 59584 94509 62584 64862 39284 93510 98442 93534 89351 80927 85684 3114 86953 85566 18252
270 84
18558 50446 36705 88781 61987 8833 83576 33232 57847 38881 56129 37022 36141 24931 54417 32700 85052 49958 69534 67696 56776 99034 42152 73076 54063 82013 14775 46627 96865 45005 65191 41930 74766 77812 80088 44114 44662 1557 32814 52763 88283 73472 29495 86291 2860 78424 8826 28968 34701 26273 95449 80514 90953 73612 46893 34468 76552 56005 34683 56289 61818 96184 15456 58725 39614 56848 67163 28456 26824 89190 38290 37783 2608 57669 14801 99758 47777 20666 22874 74535 53281 24465 95437 19865
736 83
92684 27328 8682 50087 99360 3616 82043 71909 76525 78316 15630 90736 92542 58718 55517 49457 14581 75413 21778 90198 4756 64363 88314 95264 68934 69853 48518 32107 54378 86103 42801 32001 53160 59523 5102 11736 44842 68318 40280 78930 87977 9873 91214 53720 19763 26797 2558 34145 35089 11139 10230 64569 63070 61303 9615 97684 42912 56823 15865 82133 81227 98430 52512 16217 84270 18539 54799 38247 74677 38701 80514 47156 51931 2688 19155 87587 424 16201 22069 8902 51262 25608 4908
693 80
569 83977 15335 72737 26257 42767 94133 24630 22659 44883 92142 14764 55863 64814 31070 79856 34125 36375 42772 98225 10575 34073 26010 55177 88757 92363 90427 30907 59748 59833 93705 65523 44947 19835 90874 99760 36785 35313 6571 89039 7759 42029 69180 71811 86546 25527 97722 13686 91289 97872 32648 68318 90940 58524 22337 82577 1501 29365 7289 26939 41265 92777 98041 60516 58970 91797 99440 13538 60732 21765 14731 58761 44381 95108 15185 87343 65296 73010 59373 57766
125 80
93191 28754 23043 891 76507 4189 83001 51730 71634 73893 12640 74832 63320 91468 504 72710 16496 86059 36997 50062 32350 84061 3881 77774 13260 61570 87085 70612 3750 47720 44146 40776 97499 60610 44883 7968 16803 81123 41091 1941 63966 88827 3664 52817 31236 47024 55400 50133 31926 86011 69951 56084 89301 39928 53996 36793 5657 83898 82232 31207 26841 15027 69478 59392 4978 96747 91546 58336 22262 59613 76784 58450 91925 84074 606 22761 39901 73406 35684 70044
158 77
48303 69910 25138 59719 78778 60732 56007 21733 93331 85265 73832 38041 6429 28106 3076 22924 99353 19776 70336 72356 99011 59213 40691 46805 34263 62742 95538 56539 92136 11420 29163 50543 97356 55287 78751 32044 48478 33477 13618 62835 89127 94752 6451 94004 7144 54628 41702 79751 85003 39091 70170 30329 35771 23719 81349 67629 18652 16558 23447 59911 79869 32031 94526 81336 62034 32676 5795 29780 29915 5009 73659 25033 307 10599 55947 43427 82533
894 75
49780 24565 42079 74560 1610 44519 39144 24849 54118 21158 54688 86546 72016 46921 8961 39255 86022 78563 64770 44792 83345 38187 31924 22308 5572 80425 22037 7642 45835 72995 99041 29893 59141 19293 83902 85099 92777 95617 63090 16689 42990 19642 57905 82610 74587 38961 46504 17992 34424 45804 71634 71815 10102 69447 12420 24764 61913 56075 26759 62686 96740 51441 66459 55177 22337 99549 95681 51228 78077 47256 55331 48675 19072 94984 30358
69 73
83650 46637 96529 37762 90094 6374 73840 99354 46047 49297 26246 77980 5947 55454 91968 61461 4110 53536 75508 52966 72583 74428 65675 11522 36969 6672 24615 99545 74689 24644 41844 55404 73010 18276 75466 19777 46247 83769 40786 14896 87175 39293 80514 51896 19776 35774 81902 69890 48002 62972 34451 67132 61760 55725 27536 49908 77109 59180 15951 97452 93950 86907 12782 52643 32060 20862 4683 95818 58283 34534 2852 81917 43933
959 71
70882 21097 8903 96006 83175 43178 95592 97365 88726 46534 57258 49457 9526 15847 29450 24642 20596 72417 12920 20835 81700 19128 28512 66442 69298 2186 82985 3740 11607 6623 74590 60256 45688 57778 85386 30728 42684 78481 46038 21759 32774 77043 87098 88145 11522 48022 95687 19242 13337 37748 5443 95033 80646 45080 83650 63536 76210 63384 69914 75140 48368 2104 88845 64543 48485 24099 48464 89947 19235 17885 54469
626 71
96145 11389 37401 24709 75262 93204 81108 19869 38751 41559 80137 48253 51223 81088 7049 80029 83302 15680 26112 65402 70632 15630 33029 50547 9717 16304 13100 34759 56334 7936 48856 69122 7799 638 77863 38762 25468 61857 19212 43463 52528 80035 69059 2070 60387 41414 31542 87385 7109 12431 68045 83286 22027 15930 25833 82014 98160 86000 1943 90120 78383 8833 19516 19352 43913 68482 36757 33109 49706 15960 66829
304 68
87052 5386 58617 15657 43311 9068 85261 88524 47336 79271 51171 77492 40299 13436 43629 36205 43513 50017 94919 15479 12508 44522 33487 61523 25717 18922 1937 80237 76708 43846 78055 99582 15380 56504 64814 17172 88790 9529 72300 1501 33786 60368 96056 45063 1924 66339 97339 53599 50885 24100 46971 33533 96325 71413 49989 86907 29730 5821 64136 28136 977 47809 18330 53450 61316 6345 97722 46624
366 68
56532 18714 24340 54502 1074 20756 97925 89603 60735 54216 79149 75836 49907 44549 95213 34187 31251 10907 21679 70455 38667 80379 86488 64610 91307 16531 97569 25554 38940 25189 58137 59172 97698 22761 76532 53664 81245 72127 27198 73775 83772 68130 28785 51312 89189 57417 15896 56055 3399 55943 11418 80066 48421 96354 31076 2875 56025 78488 66923 34683 91392 26236 55947 27955 18365 42502 2784 29111
241 67
95045 19167 51278 33938 46700 45842 36191 58106 46935 8120 96645 54365 21112 98946 93420 2865 67881 37906 20647 65296 85202 67387 20523 37636 21487 69070 25160 89106 72737 79743 36141 63281 85878 75441 1840 29688 12365 57754 11892 73095 12990 71815 46126 75129 70535 20055 8220 75778 24522 85609 46287 40903 22034 43957 54397 71811 48002 16689 58974 12272 39968 94049 64631 86103 64525 95565 60020
239 64
20596 66028 65351 37297 19694 71745 46014 6854 6564 23258 89021 44809 45129 7301 24392 63267 29962 98117 1465 48876 35463 7690 77897 56992 7646 36969 62254 31721 58306 22163 68954 95730 86481 97496 23972 33511 13259 18136 44778 17995 84928 12935 95407 25349 58165 70695 16712 18407 20117 71792 98706 98160 5901 79373 26292 10236 12087 80859 72544 63074 5699 85925 6297 97874
82 62
52304 18407 87600 90703 94372 3828 61562 75365 28619 95143 89039 63572 94801 24615 46067 34745 85426 17238 85405 99833 59174 49074 21766 76087 64365 49038 73652 71970 54858 6545 71847 83799 19615 40959 54936 48690 34807 69230 69945 49994 37587 87991 85925 14982 34696 35251 15338 49036 14588 6672 40468 7622 92980 7807 60385 8977 48629 11451 12655 17417 61588 77654
844 60
98854 25813 46038 37240 47692 80105 71968 14843 77245 80719 6571 33858 46302 48002 69875 63778 14598 30171 70972 4038 38066 73696 40501 1780 34186 67249 7739 66735 60446 15680 18977 87262 33683 80312 8474 18337 76158 94077 39644 63971 47238 64874 40157 76690 15090 30710 63740 1000 65662 12887 39081 43178 45732 13932 73427 82298 61857 14275 19781 99760
971 60
38701 26559 20090 48084 49033 36619 44160 218 84266 51648 73419 18594 6021 3599 63161 46327 37177 89844 95362 91438 35060 50062 93523 48594 20503 87275 36990 86544 23014 99042 47163 40427 17057 82864 5144 85837 11563 98806 50087 92795 73038 84156 95761 34920 44766 20988 10698 94670 42178 80527 30107 82190 8712 6849 65308 36210 6957 90616 70644 48526
630 59
63568 34259 84944 47499 7304 38060 49594 60256 54515 10694 8985 64142 54271 71626 82864 49036 98373 21565 66083 19713 66069 37912 68245 80972 56019 64011 40295 88815 33624 37662 39201 49205 66073 86820 69890 2928 59086 16880 75418 49454 71570 41556 31916 68838 63647 76701 92573 93022 11357 71785 21238 22437 29208 59400 84363 51125 23715 89350 31924
491 58
92346 26744 53965 34201 72342 20166 94281 25113 90345 14947 2641 1607 96878 80648 95047 71469 91645 99672 46811 97628 11151 45345 8857 23126 78497 51749 12355 55261 43900 49259 39601 7936 9324 51019 21710 78769 61620 8596 78890 19391 89315 1707 42567 14079 52434 692 56334 27915 19715 74091 36127 93091 24287 53367 25275 6852 70366 63603
245 55
28105 79856 43917 43183 43516 53434 36144 15322 36933 47220 75476 71018 12538 1607 34209 95490 16350 66888 43440 84944 36783 89415 41536 93501 50624 79656 88524 52598 13868 53165 82130 35792 69539 84192 10932 45266 83177 75129 25189 39375 203 85229 30451 1302 52368 83799 80794 11944 3713 29224 49488 38447 71212 48385 19634
350 55
21652 39507 36145 98675 25496 64646 18647 24645 45404 62451 37499 16304 68890 58867 29936 8271 82971 45319 15924 99815 13060 3652 11710 19878 93573 41077 91307 6347 41501 46369 54227 41187 52289 54583 14811 27085 57873 49780 52737 52488 22069 95686 39822 66769 52452 35757 98063 92369 75428 59635 85292 8748 63058 69768 1381
944 52
65689 93208 18753 97513 63758 850 95637 54469 68934 8985 37906 89130 12739 87385 51690 34916 25219 13945 27059 56524 27902 83240 56101 20218 67819 88219 62589 21565 42817 35311 86173 73955 86713 12442 17183 78116 98032 70110 71634 69403 72991 66274 95015 29730 38142 45925 71427 70882 12071 44504 99219 49842
848 50
38247 39682 6984 16677 22497 79865 43955 32195 13526 86871 10988 44845 75413 42570 27264 13270 26516 77233 47817 32436 71679 86094 29865 43217 39232 89942 69269 29291 39888 69282 22914 91334 53340 24529 35674 57991 3824 93981 28412 84944 67735 74834 18451 21232 21578 90874 45673 27825 62077 37016
793 50
88746 15335 52598 93737 35134 39446 63646 56719 68745 60201 4879 83182 35581 65772 67726 67184 77245 9194 29652 96755 25960 7558 35502 22034 86440 37 67875 42804 59466 23263 12524 13608 55962 11389 478 4096 91309 22262 65707 22998 36528 68678 76681 82922 26232 89496 49670 53510 10621 36913
443 47
54436 22028 54140 36705 85878 8284 57954 27257 47525 73957 97768 36969 15090 46384 1346 90776 46147 32543 83747 62077 90983 44017 38701 92460 94909 6012 67685 28324 68636 90467 62673 59235 69915 89984 24927 84703 56759 13438 38140 41232 6175 73063 21355 16878 16545 31653 78953
388 45
82259 99219 70243 4951 35901 69191 73186 96642 92016 8727 10052 81840 95865 13561 45334 16275 35810 60944 13438 53418 23787 16369 26287 93361 79410 63732 10418 64055 65552 91626 839 28754 22571 37477 57211 20400 33624 46643 69794 21556 3963 72129 82057 90306 59402
772 43
4607 5131 28593 15351 25586 5554 73258 50695 97129 34095 4407 71114 89489 4284 53448 33070 38843 61182 81619 19666 32295 71018 11055 92090 35502 7296 66950 27912 67017 75345 69482 16723 30984 78252 32412 26627 6028 92329 95076 27760 57847 44417 76245
589 41
10060 23972 4698 75264 99248 96648 46623 47724 85855 5831 88621 26575 84733 2142 28293 29207 15726 85978 16232 78930 80240 37677 21696 84584 77426 37387 84228 122 55512 55522 25147 36564 26355 22490 31890 70168 58325 53497 61835 41815 66048
112 39
82283 1054 50187 97135 23674 6160 96970 54009 5572 16749 7352 44061 14581 7095 24022 1520 94969 56512 19753 80435 10599 84733 60288 92253 30891 11991 84389 86291 27579 6944 63869 67326 45785 10330 98872 86293 42920 74684 2340
447 37
43583 51967 11785 90120 16932 2445 67513 25736 43909 17150 91334 51848 21778 31627 97973 53577 18449 64782 30229 60461 97462 84776 22028 41908 30137 39717 46010 3989 84555 43183 77804 32195 67187 9118 9574 69521 11401
191 37
98827 3769 94613 26670 34303 87240 24867 95850 55265 9287 65402 18769 19806 92090 45605 30956 27598 59670 32492 18899 4924 74140 3226 92992 42718 78523 13013 95561 75199 20197 60401 414 82706 80271 66279 41901 43742
0 34
60944 31074 85964 49247 81433 58955 71970 22599 7481 12421 79038 37940 98633 78361 31819 9857 91865 32003 65959 77895 49538 41071 27933 46583 4113 24867 73775 39198 50394 79315 64075 31470 27998 64691
455 34
5428 91866 7366 41016 68569 60637 66876 36619 59052 33483 68353 85365 92850 20401 73361 71396 60836 84166 65251 38977 61081 42144 6643 57346 20133 62797 95176 50695 3279 86966 77680 31865 76396 76129
71 31
91607 35987 69687 44017 19865 64395 44228 52746 59569 73777 44125 42006 24012 31889 14011 22682 61220 79099 92466 60944 90919 77058 85063 80240 96730 35812 6175 76916 46324 26950 27082
140 29
69625 86220 7739 92684 31532 14968 21401 93790 24025 44146 26257 68031 70117 80637 83080 49429 12497 23142 26287 50800 94718 25375 80997 36656 35309 66315 98806 84944 4612
575 27
77584 50396 7199 51645 94049 11151 54178 57380 45993 92208 63869 43913 82417 76581 17971 3147 35987 43311 14584 43291 7465 6849 59376 41717 63663 36500 16296
56 25
24693 45793 98718 32180 10458 66241 1697 43243 49842 20749 74684 39618 61836 6353 70117 92607 28754 42006 89290 55884 55512 53342 81609 55331 22027
795 25
18479 2042 32726 89734 5842 91600 15960 37345 10132 80433 27756 5066 42014 41304 75035 67588 50653 13509 74221 40966 6602 41679 48891 37938 4879
691 44
50045 33044 26251 37889 53666 11049 82793 40666 96612 11135 79306 44169 51007 14055 84923 70624 3558 89753 7007 50916 75647 78077 27527 37811 74091 82298 40234 56023 78293 96834 11629 19947 58383 2076 27702 45735 5311 96351 89932 61721 96352 46957 82773 9395
653 20
31752 44713 80860 20611 22360 48369 37212 5642 24475 53312 99382 3517 30078 57175 49074 88790 19201 14584 15264 12420
993 40
89412 92954 52134 21353 88988 96099 96730 76163 47499 34682 96056 42169 24123 17995 6544 98159 18479 19726 7007 49563 82677 10275 26761 76637 21696 73399 758 27399 91484 46302 25441 57905 65022 9705 32755 64003 93128 65689 34291 62503
577 38
86587 83165 71858 76720 28870 34218 24523 30039 78807 10275 78057 5642 22108 30380 42919 34534 34447 31493 73268 73351 81757 25862 36913 42015 56240 19273 14422 30375 61818 99955 14801 29333 89792 72869 99815 92551 19128 84923
650 16
54628 87520 51656 81173 66341 28630 44300 37473 40831 64395 75851 58467 51261 1420 59076 43513
232 28
33767 52325 22005 8853 32522 63390 42091 2076 76638 5988 96123 16120 28833 92893 34166 94517 53012 12790 18843 41830 1263 67960 35363 60343 3429 61934 86852 10132
566 12
53337 63239 31234 70501 62445 37463 48112 80289 60113 91343 8392 904
700 20
27612 28992 37378 80270 31916 21031 69580 89720 10963 18278 497 34125 52108 88910 39566 26670 14821 84980 82310 29990
536 8
2544 6619 10015 5947 36847 25722 67602 51679
80 6
41647 17748 86051 95686 54063 81180
676 4
8793 88790 70329 14586
428 2
26670 57669
148 0

995 0

798 0

