93
309 1
93427
479 2
70733 32504
689 4
73837 3526 25115 68004
251 4
74130 28315 76799 91190
575 4
26985 11319 31783 59377
530 6
42261 86418 73606 72743 55491 29863
878 5
10356 99438 29679 54048 63022
637 6
62881 47569 26541 42594 53529 2149
409 6
96211 1202 77326 18393 40249 16548
429 6
5569 99521 23425 65831 95808 11980
239 9
15471 44603 9762 81579 66100 25002 24090 74135 24399
461 7
8808 8567 78292 41288 76446 43075 77685
667 7
48430 73064 88873 53557 10428 75481 43725
421 7
89557 80058 97422 83494 87152 23524 73814
851 8
55194 41160 89033 76961 70946 24482 64113 31383
898 9
97475 12771 73995 24237 32408 45905 50445 94845 42235
243 10
45330 62162 91058 92172 68309 28938 49656 66439 30870 64527
768 12
51531 47199 88596 60129 51999 60741 56089 15314 37805 72168 4042 21646
577 15
92536 44268 61192 2679 48927 56915 32465 80 10564 92873 32846 75890 34474 64040 49872
521 14
93636 99839 66809 44164 47699 49784 9187 53828 16233 83056 40997 2142 62548 36070
199 21
9276 2683 96598 29353 47920 86165 19964 95964 31310 34369 39353 10026 38835 577 89588 56177 57755 29389 431 33327 83010
645 16
41610 40430 19201 75243 94335 70748 25857 25420 98958 5428 37503 5871 55827 27327 17206 99709
510 14
51125 44870 31565 58816 4019 59760 88025 14111 97293 80462 22565 3431 60088 50871
912 16
15376 12078 23708 8893 14488 37696 86574 52880 89242 1416 67094 75806 90029 62725 22428 69909
868 25
52166 35221 27481 34524 83769 79470 55835 92325 81653 70664 91040 56602 78213 63091 62083 76885 35347 32537 23227 82091 4882 71873 51514 68887 27316
96 15
56068 80723 96980 64457 67025 62919 41929 19022 57959 88357 55830 51910 84319 82131 61862
632 31
9569 12445 51585 57027 5027 344 17890 69568 35370 77217 83106 31123 22085 87417 16299 1602 95255 79812 77063 20601 55182 10585 50021 33200 48171 85408 944 15471 98953 68732 74111
980 23
1608 24987 74495 67538 76587 41688 37565 22223 48041 51185 55936 88467 40098 63365 30100 18529 99566 97894 42461 39558 95043 65345 56563
378 25
77459 79326 23450 50112 13149 90973 36086 93377 60142 18596 1265 38015 32407 58886 85576 66712 60066 37378 34300 36626 20804 93096 65402 16480 15760
900 28
77531 3747 54388 54755 59020 3325 92278 37976 76479 45593 80811 28790 7954 39730 69548 53898 13813 50028 50949 43843 17086 3508 75522 38285 48878 82254 28231 28526
338 29
69817 65808 78403 96656 36820 77945 49347 68705 32687 78649 11151 86357 82311 61366 5556 83655 59522 93267 88741 7405 31981 22388 12127 44302 9328 52806 94396 30801 87838
139 30
73364 26455 82101 53995 73240 56853 94510 37053 96599 54547 79220 98950 75527 96138 35521 81393 42475 92280 94271 72908 4809 42795 75080 78087 70595 49739 87699 10556 40490 12671
641 28
86581 56461 41326 16175 93348 16480 58524 35931 20803 82827 90019 79780 81587 8338 75480 46123 5069 22609 59205 6904 93366 90614 94248 66840 83878 75702 78508 44329
650 29
77406 9944 1729 64502 71604 30786 41045 43010 51037 91462 49095 24590 59105 79376 48745 59634 8152 72507 50012 88316 46214 75047 29543 96898 16385 46863 16420 39987 11178
22 36
25519 43768 69118 69026 82659 41815 44260 3744 68668 39566 24543 93930 57505 97568 13700 53687 89934 30632 40687 40242 44206 62822 87046 73038 81505 20729 8238 15187 32977 71267 30976 80054 94318 70906 20021 90998
473 34
25368 89120 49197 53448 94301 21259 58683 67491 90121 41091 12582 90147 33 97181 75262 39039 86848 2234 85560 969 35501 97819 82994 2999 77385 29360 49217 71896 77208 18795 41936 57108 80585 94803
914 33
46003 55582 96987 35878 15332 45889 90116 10797 65334 12399 15617 95182 13098 89305 35740 89511 181 39664 12497 48398 87154 51384 12015 38848 68101 51381 80149 3758 4216 263 4433 91384 71437
443 38
68675 41607 34136 41190 74116 98047 21818 7365 12371 51468 17446 79256 61874 48661 18749 21859 19030 93939 3146 32302 13450 13713 45206 45330 90759 28188 10158 29422 67278 61262 41729 22604 85696 2411 76680 38595 50428 65895
121 37
43312 97881 20617 340 49956 38790 90025 25851 46332 74034 11122 58092 84593 2747 18681 76033 84899 69188 17758 34358 17698 70926 67172 3060 36396 85929 74928 3507 73376 53879 96587 6185 97426 21514 45604 68668 47229
997 39
77961 6882 34471 3712 29352 77744 47236 20246 46015 23963 14548 49343 91672 24342 69604 23043 12284 45142 3073 23688 14686 694 95577 64912 38730 79120 99039 87496 51342 19298 65247 45933 53641 188 85152 96527 71997 6428 77996
307 37
64828 19072 63912 78282 11632 9098 73906 55332 81126 57294 73209 6161 76846 50090 2836 29939 42360 63382 35338 53508 53392 71749 48800 37363 87315 63663 48932 51429 60913 66150 50931 95224 86409 86093 48854 88851 88069
79 48
7021 83429 93114 62969 58156 83137 54165 9987 97220 2327 33429 70013 10418 33105 55771 83557 66092 74143 23472 24422 92194 16170 53908 86304 82604 42911 85745 50268 138 60307 12810 40146 6934 82298 71925 5000 92913 43814 99367 24827 65712 78003 23380 26334 72743 63985 88594 23673
462 43
62098 6839 96936 62829 35752 59042 74145 90840 88567 62927 74621 68208 55607 49318 47337 19933 94920 59586 71281 38946 30112 34365 1579 93110 80870 52184 71307 63520 76512 63308 10705 74841 69858 74183 7579 31521 87712 11953 97986 41676 27483 73681 27761
264 35
58647 32386 42515 14502 95009 12970 23956 97392 36557 53470 40840 3352 88911 40683 40202 73035 57913 43572 96245 52223 37000 92788 41574 87178 27028 88075 54526 42356 67996 75543 96451 4143 19739 55393 56226
525 43
74784 45334 86910 35616 57832 45796 97253 83801 60007 24604 64340 59411 74824 85260 71741 17261 88109 60162 7433 34336 38766 6195 14111 13127 30156 21639 47545 66748 975 84067 11306 16362 77751 41882 29509 35151 56635 83966 58539 86052 64424 72841 67686
469 41
74347 68257 11778 81109 28339 9 58617 59096 9131 12789 97425 8421 3673 4071 77258 27669 92758 44569 71436 23473 27737 63118 20668 72077 90252 51462 51854 53372 11641 32428 1197 63921 31138 78222 80429 62624 4598 15284 69765 72157 68990
798 42
27939 84397 30339 83164 14677 67599 53328 7219 30773 10138 86204 80733 80413 86124 47284 71635 17142 47522 38357 32993 90160 14524 70878 6253 3297 9421 21722 14996 8908 34706 76776 61830 11061 36713 9057 1801 39852 89993 2157 83551 79319 40823
265 49
93703 19150 18489 12464 59136 78937 74461 98313 83200 30848 15825 82205 46631 46006 19629 74677 69602 5440 551 68088 68788 4369 9990 8212 71909 34264 40368 56261 57161 2487 9080 57071 97499 3298 56193 60570 27635 3246 99192 98765 39915 96644 24429 9056 19040 40223 57762 43099 25126
15 45
87516 26339 22570 87356 89219 44189 42378 95288 64801 63399 58969 59080 5171 12655 87066 83648 8958 79034 85045 8709 14130 85505 84676 980 62621 71190 97136 64192 59235 53369 50277 82100 37229 79668 25771 44384 55773 50057 88411 49922 98624 52748 35367 18222 640
366 55
11493 36067 20304 84463 48034 26860 19413 39100 50480 87285 30775 47534 58518 38287 75227 27285 7902 94990 9972 55096 61642 61512 67568 36950 77037 19426 60359 62047 46212 82059 96508 14719 49647 8895 93787 87699 42674 84152 67118 88387 4600 15312 23772 49334 33750 21490 56538 81704 22856 42666 25442 9078 69251 38540 69184
213 51
9753 42350 59518 89560 46343 35830 83487 25857 60069 60842 34056 53600 62659 20577 81317 96284 16871 92927 3337 29454 19180 37381 69182 96562 65345 74238 25883 31456 92309 7550 10100 14710 59368 76101 48109 29424 85854 97553 76452 16686 32113 81778 63074 4762 66323 13591 72960 42536 5274 36324 90265
125 60
28641 24848 45042 6696 88234 79022 91190 92625 13446 14899 79930 1012 7536 62003 19035 52257 37535 83354 74011 61333 35213 36229 21451 11118 16660 55339 98641 3144 50575 74396 52288 67549 66663 3838 29476 23365 4215 91387 60082 1173 29363 80938 72890 9552 14885 1730 776 61415 74990 59866 57470 67868 66935 57407 23683 90535 10983 15586 502 33271
202 54
82200 33728 12208 22080 76258 32726 57352 68647 43562 94177 54193 96445 55373 52833 40187 26749 44153 49607 67991 65383 88569 39920 74539 72649 99519 882 15255 29656 31178 88996 93556 43590 97124 42647 51413 57547 80775 10578 71755 16407 84205 59171 97040 28076 71900 19021 25630 41178 19636 58788 38858 34855 50120 16248
289 59
16847 98636 48672 34126 34141 13941 9559 16576 52237 31805 40374 92596 8408 93439 37637 29211 69490 3699 35733 18426 95929 57406 54307 33859 94055 88533 56697 5583 32100 40150 77419 59755 884 18397 35630 71770 46617 51982 76235 63612 96055 45312 51735 95082 61264 16553 29255 32586 78559 31126 69123 21843 68224 43510 54531 88689 31774 42481 43115
104 54
141 93797 86878 22182 47235 69418 51093 59961 44980 53550 16248 54642 36575 49340 66805 83204 20911 6276 87373 29692 20568 96133 91627 25208 46697 54611 81443 96734 13050 21326 94477 86013 6582 73823 26272 98845 53039 37849 47165 3160 65174 22098 75719 22566 80343 32099 4386 57624 64295 98458 21149 95619 35639 68697
600 62
15180 99810 4603 38926 84603 23500 81792 28217 74044 3276 43427 57712 75650 30065 6441 7723 56159 87715 57765 63755 7667 70096 62639 23110 49040 90025 72428 83938 86044 12179 10604 80446 69178 23113 81155 49179 69604 58964 22805 11174 97480 77433 33752 37531 166 85996 27137 23120 64121 39411 26407 60060 38859 22527 31955 47756 97320 29936 80775 51903 41810 2865
301 59
54652 91737 21415 36523 33394 90510 10779 54962 75752 87210 29189 67332 17297 97786 42576 13796 84853 38252 35862 34292 87031 31074 87140 65099 2188 6188 91740 85012 27555 77932 12168 64480 91732 45681 45118 43568 78414 14208 65531 97962 17097 25342 35789 37453 28527 96424 68151 43540 46202 12853 18942 45597 16282 4428 25753 38798 22558 70054 18020
845 63
80359 85525 129 61240 21325 77869 63284 44620 95321 65037 77136 70474 19410 94451 52639 92073 38648 65275 94983 48997 85774 38426 98164 3016 61464 85193 20392 2311 95457 31752 4162 91867 95255 99687 53309 97230 80440 28447 83066 73402 6427 38755 64680 75922 19044 93709 79639 46204 53481 14916 64617 81138 98580 33300 7838 41383 18137 91479 79634 27711 79803 52145 19393
39 60
49555 19211 67813 77874 73116 20337 49249 4767 72425 40227 52066 82444 7772 42883 64578 69727 49167 57893 55987 76506 35147 55353 53426 50227 35825 14685 53818 24816 12926 53138 23131 65343 13025 45710 95958 89270 36610 3658 28380 93207 52049 85000 11884 36954 57573 2391 15162 58207 80597 51324 86069 36939 931 22283 90421 96406 50116 5895 27220 18179
300 64
80734 18714 85871 6391 45599 44653 61847 62857 49815 65657 18257 16635 88166 31384 33950 84902 62880 59290 60587 13681 28034 44764 1006 44800 73030 26827 66737 44242 94522 38777 41180 39722 29354 21801 61258 78183 16359 16841 69964 4155 82838 94824 67740 63747 51833 35960 57873 31061 85114 66281 41111 64182 32656 21474 81030 54613 88247 65150 97293 15031 8982 18900 74239 62273
89 71
25069 71383 75592 33773 42953 39132 16971 56661 79615 9553 34512 92744 58198 60332 59141 83901 54075 96332 83761 84150 75494 50040 49601 70496 50590 39342 77537 85356 37492 20161 79813 84625 53939 5593 29413 15556 70570 12351 77757 14869 65615 63207 3868 41125 90749 36590 44879 58703 92173 48740 81810 56354 86756 11181 55433 97987 73461 40236 20116 83934 56709 97275 89613 21103 59862 47550 80963 11365 39542 71836 88500
922 67
4934 11285 75056 61714 74738 21378 48265 54691 47997 89391 96030 73572 19852 38982 50426 4875 90576 68022 56966 14403 7903 17130 62078 18860 43464 89255 74711 8944 38406 96701 76362 43927 45382 44222 7165 62954 25900 57396 88468 95320 91488 71438 79549 56819 62557 58069 17290 87325 64742 36146 72410 60557 98906 79415 49718 96913 75478 47176 8710 55891 20884 78245 37939 41022 51323 26537 70620
223 61
98643 5987 92901 94087 25092 56546 25424 25097 65536 33398 79362 36742 72450 64519 38055 2454 74867 13879 26994 86715 96932 96712 92496 67209 32809 23058 28648 59797 14053 16730 99251 47179 12634 18795 74938 78758 86214 70160 56989 49346 49586 1390 24310 92175 97637 99348 77833 445 55484 99347 52918 88062 87943 20192 94253 70624 41447 85981 96033 22982 29876
844 70
99696 45323 96805 72214 72237 71260 28245 80456 95579 68018 12599 3646 55503 94302 5285 95289 7819 93723 19404 64733 37818 95889 80288 90845 1726 81235 75586 17090 97782 37107 55082 56290 65155 59295 92067 23504 87649 92581 76794 38781 470 76405 51221 31196 65865 96863 65332 36056 31328 78905 6679 42866 511 27658 34004 71188 40544 88945 54414 45395 13678 2835 9587 84913 83378 31951 9170 88161 64392 98912
316 68
11944 82157 16764 43295 28843 64638 74384 7512 72216 94313 78564 34588 34350 82851 10043 46282 33838 18451 47520 7480 78839 86556 47109 35221 15597 41306 86356 16953 62388 97925 85230 26154 56525 50726 74264 66183 84518 41945 44662 84962 33680 16528 63653 33701 33441 58252 17179 81072 94020 20822 35938 43027 17528 23487 31092 99525 26610 99645 70371 87395 7038 78345 15406 33557 75383 75574 41396 71899
655 79
74541 27068 32645 89927 14862 80575 74864 25494 64315 1609 9625 99084 96845 70586 23303 15588 5170 34605 54535 95929 19463 33001 44866 15084 11302 99474 3685 93040 83854 88479 61565 85372 56567 76196 85992 39417 4228 6214 86482 21888 76033 12798 27341 44802 81010 25697 66433 82606 73805 39314 10576 65956 35903 59134 58818 57980 92153 84838 20780 21483 7903 47147 78018 75983 55928 8279 79633 8048 983 88601 17268 17491 28134 75441 24674 77121 64637 41939 20598
260 75
45340 98486 63553 92535 59543 75025 63173 5095 71350 71018 77191 80997 99313 91416 8966 43316 21501 43506 13013 86733 93088 86722 8515 37280 58540 50262 92878 67255 95107 55708 98090 65293 13076 44173 54145 20540 22587 96925 95627 60566 68335 75560 77420 36647 91350 78226 41601 25251 59087 60396 51612 84965 20820 33254 14963 49771 10036 54437 27854 61423 93933 10990 75013 5124 98045 43808 20312 80908 67231 34749 28828 55192 65587 89255 46147
924 72
32736 21439 57261 66477 9390 30461 56360 45837 91707 12887 90533 39352 91353 40144 57881 46064 15701 67162 84018 17040 76186 33239 40518 7594 41534 80364 40031 58421 17402 93419 35501 3149 25011 95973 6011 64724 61500 2724 68132 18949 4242 23914 27001 56977 68369 25816 12828 20923 59008 72829 10284 10841 41849 50104 107 68513 12703 89968 9679 55168 63329 15934 6551 24445 1928 91755 33942 35357 1329 74600 43588 61311
234 87
10109 78375 2780 95766 44297 4159 94972 6581 92296 52481 85535 3048 42016 49311 75438 63674 82850 62627 81321 472 7429 17139 92608 44028 74050 75349 66864 12916 66698 91591 8180 55484 27930 55962 11900 49762 75243 92566 19707 8053 44100 15787 80208 37891 47576 94912 4776 4831 88581 62200 5721 91249 86161 30332 58278 43001 31165 74288 23484 59860 35968 14255 41081 63624 54130 2276 2017 10052 13711 37487 15243 91968 46399 88231 69267 56689 69581 39125 43906 44032 28040 77201 4623 98148 5958 29078 12881
175 77
77273 83498 15001 84585 92598 78744 35998 70349 19550 73555 3658 90909 12626 12472 49256 3956 43575 3210 33199 38657 20908 64687 83528 47811 48138 52258 12225 36087 561 84296 81304 73346 99338 3532 39034 44674 96004 72859 53612 97812 90865 74568 246 38278 26651 30622 18496 66372 42316 43061 22688 83724 60398 43778 49193 10954 39621 21417 2588 97148 8654 93611 53493 47223 3364 52845 20264 98619 54613 26504 19430 7523 32337 36772 68403 33913 66879
886 80
88577 56920 50731 95839 77047 50707 39819 11907 59535 41363 80282 48701 4400 7260 8331 46485 33499 33060 75602 89213 51616 42369 86222 81704 93988 33269 2944 61216 91409 75695 98002 63271 49741 59009 57153 56896 5817 65044 36072 96322 62964 73308 43847 82686 13308 3843 92414 16722 10116 29727 43781 9797 66276 38973 3634 6823 68294 85514 79531 72765 12101 27055 78976 71904 23047 84311 5357 28002 83806 70357 75306 5679 18025 62377 73679 82033 30528 1967 93731 73531
544 69
92689 19229 85291 57768 77487 81751 2276 18315 97353 46872 80277 42842 80718 35580 89447 55552 75301 4475 52019 92981 18710 16437 97698 97476 37475 90011 25396 57633 56331 57616 10353 60259 61800 54395 25553 20840 50117 22067 88836 39725 69873 71167 58078 82299 37663 52361 46755 85698 29434 6260 86272 17309 72929 76160 72412 51695 94976 42597 95519 65489 48904 4761 6557 46186 15055 29675 1884 45177 75602
374 84
93572 20332 19543 17078 78221 56338 82498 311 16933 81241 94879 78100 99538 12594 15983 18668 19920 97598 37108 96029 17815 83983 69783 11357 90110 94824 78634 555 70080 71117 32322 99777 75780 6936 49925 68547 79909 28180 56738 13817 67000 94384 27422 86882 56306 36565 12902 22389 70004 24371 63736 89518 69947 79265 58843 80023 49215 21245 47659 16977 91616 55924 81860 40990 63387 15981 81731 62040 52405 86119 77343 26604 53149 23564 80998 67201 62863 95213 2304 89213 56702 53002 55781 24710
252 83
14618 12440 53953 34801 6637 62099 31589 39820 90246 10396 20251 6283 6744 79360 50091 60747 40802 1419 54302 62211 19832 35765 17327 83117 6026 18199 79930 40109 60174 10762 23576 70812 44586 2344 93920 54681 81259 49184 81270 25750 2685 91805 82774 12377 7162 94861 36272 34587 37969 63813 40813 53994 40209 7219 37882 99429 23081 91380 7952 3282 96746 34621 21062 14098 5860 39706 41323 42028 34488 78095 84449 10534 72200 90745 22772 60488 16326 87998 8712 80172 41340 32848 69050
599 82
99564 11879 33285 86262 6086 97889 60022 29961 89954 3038 22531 89761 53837 99385 86921 5794 43394 29613 32670 70506 66405 32963 88619 2266 5233 13695 1354 7814 2472 23384 80895 16697 61264 24535 2023 79027 9084 55440 49121 59388 79343 1782 95060 53436 56748 25129 77208 57374 72852 15174 38022 35877 6500 27690 73345 1684 93786 76530 46977 37327 10306 94886 78194 11842 67355 84476 4836 44340 80852 1965 1883 68099 42869 79562 38855 39457 5705 68881 4188 3011 51076 13703
318 86
25970 36028 81862 16802 13096 66793 81784 92120 846 64172 31397 17894 24377 45740 90722 32090 54488 17961 95821 88129 72766 37632 27607 31548 24297 46696 27869 91450 6610 2275 82734 78786 29850 78228 72445 24718 45123 62158 85388 48189 47983 50400 59077 20971 80838 26344 9515 56594 4724 96106 78484 87845 59232 52770 16330 92544 79174 10795 9913 71719 37503 42125 31794 14880 32894 96721 92607 33296 15407 10981 24225 54720 67837 89776 19483 54445 87722 38067 80064 66856 9608 87719 94591 29450 10018 93745
797 92
62741 50807 24832 9355 26853 91372 17797 36616 92340 69775 92001 45659 24955 930 92802 58871 25495 5671 42805 16274 79218 67628 23220 15435 81392 80043 75304 22619 42668 60281 37229 595 42979 93411 63677 80463 25682 49052 39453 82607 2604 18302 78325 91394 40549 81437 4381 86803 50559 73656 39349 18579 58434 35974 89038 3633 81312 14638 90305 16785 47928 64779 57133 6173 1216 3402 23894 38431 13573 60885 5880 77035 63204 17830 76615 10442 91137 38486 59671 70300 33585 19576 65928 38218 13623 23902 57361 16418 27224 82571 30363 66168
233 85
92851 95198 37095 23258 86034 56557 45002 40409 3387 72145 9821 40720 14356 81634 54575 55456 19080 99539 46344 36569 71835 81350 55117 17126 7347 15567 1470 11652 5048 58171 42198 56603 22018 93802 12656 93451 50334 71935 40572 27780 51714 89091 57939 19218 97177 99737 80540 83943 52788 93547 11254 52459 10024 36766 69514 52639 76270 71086 7976 27247 18239 63681 94046 93812 79159 50776 18868 61989 37258 83431 69885 45053 40289 48838 41016 89219 43736 24641 54334 65666 90329 92422 20938 53535 61512
364 90
6088 32092 23349 79427 68375 71726 69953 75254 44756 46804 12835 73895 66638 87356 14799 22805 66121 73044 22942 89939 22228 49710 16178 61253 55573 89985 13404 12012 28373 55848 96947 39750 40880 62428 74935 53170 178 55247 14461 33281 95460 48779 34241 24398 68642 51989 5243 12837 21803 20609 34823 66078 7878 89614 51412 28776 23857 7777 71987 7583 79258 57151 6570 52754 27229 39639 88772 68151 25195 50307 23285 18132 90983 6641 56008 85200 39958 20393 88965 18245 86493 82862 76011 11966 33839 99975 56633 76748 4566 98056
754 91
23786 16735 62680 67032 23460 14857 16945 30594 77006 72766 17387 53902 38799 54943 22563 95625 17985 71558 14417 57760 66847 66751 47764 26979 84876 16701 74530 51644 35200 15441 44058 88832 8902 66224 71041 24118 19433 98070 20725 99941 90281 48790 56977 75546 59478 62879 80243 18721 19437 46974 69125 21832 24329 61496 42687 16823 13760 10758 94816 70220 94671 96171 81674 48048 39878 82845 66521 81964 87955 32122 99154 69395 20149 75356 36310 99653 81679 84497 41837 16259 12002 73404 52559 80425 38911 32138 5642 30043 74779 12260 38298
173 89
86768 124 84453 76810 53899 45917 82094 76546 55456 35381 1560 31404 64339 87739 75089 95681 57537 99919 75389 85086 81553 42510 194 77946 84073 36169 39764 69565 43106 59698 67882 39828 8384 99132 56373 29431 46290 39404 20920 69598 33798 80425 66127 43568 69790 81299 74035 58621 63849 71468 11120 90368 74625 76820 83995 86331 64188 52288 448 81462 13119 49426 73694 98024 29448 80334 28605 47203 76006 15555 16723 5811 34734 29944 24357 68627 54689 90812 60154 46856 25304 69737 68413 19417 34206 25536 4890 22903 60767
671 95
23442 65137 83209 8952 86945 38274 92397 73107 77183 65291 87870 45446 43231 46381 86707 12808 922 25006 44469 16557 8869 25633 47904 39235 57825 20594 86135 19804 37044 43968 82055 57783 8109 13147 31729 92777 10304 4674 43216 12535 43468 956 69040 35350 7894 87208 67832 99390 5387 9638 76556 22108 70120 1681 32917 53712 43994 1155 2879 27343 24544 80432 3410 62471 1336 25773 85695 58579 42226 53940 92175 64696 51058 61687 22619 80866 31889 31431 78069 24822 91186 1964 91802 52799 12550 40266 76395 50314 93341 19742 9025 82407 78666 96219 20830
272 87
55240 33459 7533 53844 3394 74631 13287 3546 52843 35998 35903 9158 87516 74844 29880 42321 36630 53098 52759 68097 77351 99534 98453 28926 65589 24906 15559 59127 62986 44171 34323 51119 6768 6769 52323 71718 56619 62534 613 24915 34922 3760 59239 86993 30308 3547 74974 91868 67425 91677 13599 59290 12791 79048 90722 30611 36130 95872 13389 98378 61723 14310 81140 76771 38751 69419 88596 61551 49847 79297 51211 95745 6532 79366 47147 9286 2696 58183 65206 18683 89810 78295 34947 7276 3519 34475 36877
124 91
44564 67785 81759 95741 22055 35995 14722 78661 9607 7525 92088 30122 56119 1833 90677 79328 78208 66073 58725 35217 85271 14036 65084 56994 32880 65483 73267 17929 15915 40441 96653 28690 7656 58677 86087 14398 71097 72020 25227 93911 44220 73815 34831 15731 24973 91940 16959 98795 6560 62186 12254 87000 95020 56974 32643 39868 2137 34478 92264 19119 39435 29465 95175 23374 66030 93105 24872 2083 85341 85968 69899 95068 17944 50391 24697 41956 42441 64162 52184 74005 6302 6501 92780 41965 46087 19213 92678 84530 13636 10195 75419
725 101
23038 2338 67818 68011 26552 69045 22693 56886 5221 42581 88142 87939 89875 11762 22638 18577 50756 19822 99074 57830 79368 42370 70653 87595 49256 20521 78975 90657 20621 68720 83989 40901 1260 95077 19967 13300 21917 15235 1478 89595 59382 62455 9897 37423 74374 40205 99638 39964 73606 18839 64016 69342 52583 54583 79689 22616 57626 4504 41272 68890 28011 42721 29173 82849 21590 16557 12544 59750 17289 28726 80230 7776 54913 9136 27693 84189 73797 38847 69664 94867 90534 82222 24545 67421 81550 86650 46762 21153 98704 58530 89892 42467 17125 13070 75580 31512 22326 90309 20464 66238 9086
989 89
53940 51191 38706 58733 94636 38107 88400 67681 91059 26323 95160 30954 20305 5451 7605 47066 41780 772 27307 79535 70236 41674 34532 34652 18208 12645 41773 57022 66894 41705 24374 39768 42837 33192 82994 94273 82237 47427 32301 48674 98332 73955 29417 27395 95959 2745 56990 9541 2430 48070 63314 68644 73212 33916 69990 111 52121 35524 80364 75193 57926 28531 22894 15606 35102 86238 40839 61612 60527 50801 28877 42524 14617 25526 65806 77734 25866 35142 89464 54093 63721 64572 34231 3352 82894 51921 42143 2347 43166
317 96
77501 1844 1459 44482 55195 87890 48921 74260 14513 10817 88249 89926 61934 28087 2550 62545 17066 93804 2265 47350 66143 65237 54280 62282 3346 22020 20374 52938 46541 26117 40319 59989 28676 28827 5571 36408 90266 68546 13192 37891 7736 17035 73871 40054 15174 49905 37012 53387 2327 76283 51936 34456 86812 52515 99555 24782 24883 24093 28572 90740 74473 13040 85206 25094 41313 85375 38618 40437 6128 45538 60418 97052 78525 60560 7651 47740 50247 46071 12902 82051 9839 38530 21200 20674 28763 7627 46114 67636 10434 9998 34695 55129 56406 72438 1206 14774
424 100
12978 64487 38106 76114 99538 52048 60831 3004 23890 55195 3047 65367 38514 54451 45454 93191 95675 352 94376 80337 9911 69425 71692 33286 46920 80023 78102 25975 39291 10782 64302 5677 20612 57308 17217 54409 4164 97545 53638 50078 91159 12083 47088 74104 64898 33136 61515 54760 29611 54161 28136 10380 33734 49663 5057 85164 26183 22268 29781 91977 91672 33206 68169 50030 40099 75746 88123 33331 57192 91699 7420 73330 38685 70557 98575 11394 95510 51263 26174 49507 56907 98520 52518 23059 18035 47014 60514 17212 29972 39491 40202 61461 39765 39751 56710 63692 14983 54 93192 31585
685 109
49995 29867 64358 25932 51912 54453 36068 8185 43580 24728 776 11773 11932 91534 75680 9303 48600 75836 72233 7269 29337 53539 85682 94567 87518 50765 800 26292 69717 8860 27339 34943 56052 60340 40461 81232 12254 12561 15716 76564 30496 41476 69740 80402 50816 27779 8768 78118 87109 22971 78840 83489 72369 1864 12987 31713 20811 16866 35538 82255 19351 80085 13070 80503 46795 39343 3737 40818 96604 34144 39241 6727 93997 59475 29912 14364 40232 58937 36393 2317 77610 44663 10610 58486 1822 87161 44183 15936 39167 4733 94343 78776 10720 33238 70290 44402 37674 39568 79140 77714 56009 9732 88211 1454 8519 94235 9714 93506 64379
896 98
3676 2346 8869 60776 70158 9356 19075 18185 78355 24731 71918 31557 10333 64802 55402 72781 56849 46669 13787 1813 82846 59218 79153 44229 36519 38 70382 57562 40827 59609 63236 89435 72582 18766 75495 55390 27028 93344 19882 19278 8452 21852 33786 4725 12445 11489 20314 16479 9662 6835 88252 77525 40204 80722 90092 2023 25544 51164 74215 29985 16737 81929 71081 51845 47936 89884 12103 2036 49767 64241 71093 97851 59802 93138 61720 49448 87372 51263 45562 63761 92219 76305 31169 43532 7481 33014 73015 42875 53154 92231 46139 1163 55777 94290 46082 53053 13995 14320
12 102
55695 10766 8656 61577 85341 5379 54304 98291 40229 79318 43215 94606 4196 10240 44291 12245 67985 62768 48553 60828 74065 3855 50471 84191 25393 26589 52179 43 80921 42820 73110 51717 50245 32424 3208 15062 24032 40078 64986 77001 57232 17982 52634 65770 83451 27099 15864 94576 80068 51119 62530 51251 98738 43364 52377 84185 54660 88114 24470 18828 29332 45685 69170 64338 90933 92986 25368 44671 64716 90885 60422 77084 82646 24531 26483 1821 16375 75958 18255 46640 15401 51461 53219 58525 67488 57572 19216 32869 21563 43114 38541 36229 21701 61843 76380 29112 12150 11313 64175 6145 37693 24298
345 0

961 0

